cell	x_coord	y_coord
35	280	1900
37	2913	1683
45	673	386
204	1020	2496
339	676	2132
365	410	2484
369	478	1647
379	578	1715
381	618	1834
387	2268	356
392	403	2272
396	970	2287
399	920	291
404	506	2310
416	311	814
418	234	1738
467	888	2324
504	1205	2306
524	934	2285
581	2618	2271
589	528	1502
611	1599	2186
623	305	1220
662	273	896
739	605	2359
759	1669	2717
796	610	2435
817	462	966
872	909	878
881	529	2276
906	288	1918
909	903	2278
931	800	909
956	333	1235
981	491	1772
986	388	1057
1001	1092	2366
1017	786	2077
1035	459	1966
1056	966	2465
1068	460	1998
1079	400	2471
1091	711	2149
1130	700	2344
1161	952	2279
1167	646	2411
1171	702	2242
1204	650	2033
1218	628	2273
1240	678	1893
1350	857	1986
1377	81	1684
1380	413	804
1400	972	2222
1403	484	1591
1406	383	1649
1410	248	1965
1425	743	844
1436	224	1832
1454	460	2143
1483	502	2489
1486	2307	235
1488	439	1194
1510	877	2397
1518	1416	907
1567	943	2347
1586	925	2377
1623	1043	2504
1626	868	2384
1636	115	1876
1645	476	969
1649	2637	557
1659	361	1501
1668	1464	2422
1694	693	1896
1699	418	1144
1713	817	2046
1718	487	1551
1776	767	2222
1787	100	1913
1790	541	2301
1812	1133	2266
1813	956	2260
1833	1146	544
1910	1124	2253
1932	765	1798
1935	546	1872
1963	1180	808
1989	325	1671
2004	931	1957
2007	953	605
2046	422	1278
2050	99	1039
2060	460	2217
2085	205	2211
2121	1438	2155
2131	793	2615
2135	460	1022
2151	2841	1761
2176	123	1587
2187	455	2373
2196	857	2113
2218	401	1769
2247	479	1676
2258	1064	2392
2271	349	1007
2280	230	1235
2281	762	393
2285	765	2016
2301	1064	2465
2348	873	2267
2368	1431	911
2373	450	1787
2387	947	2196
2410	456	1431
2413	783	2064
2414	431	1350
2442	640	2375
2444	448	2283
2484	577	2001
2498	331	2210
2501	585	2121
2502	503	2175
2514	576	2194
2526	1042	2026
2546	630	2243
2561	976	2343
2567	945	2131
2571	774	2036
2594	527	1787
2599	156	2011
2612	401	1517
2613	768	935
2619	298	1966
2629	107	1947
2637	1020	442
2654	834	863
2664	435	2126
2681	1044	414
2682	288	2100
2687	394	1662
2689	534	2001
2694	132	1599
2730	442	1711
2758	262	1963
2776	708	2358
2777	290	1138
2787	598	2267
2796	518	912
2819	319	1426
2837	268	1753
2847	1779	947
2858	323	1939
2863	385	1633
2869	334	1007
2877	476	1020
2886	768	899
2889	814	2207
2891	613	1964
2895	789	1820
2897	908	1939
2905	917	2172
2908	378	1671
2930	912	1962
2936	259	1543
2970	290	687
2976	1408	923
3002	63	1335
3007	458	1352
3014	645	2080
3041	414	1400
3083	356	988
3087	263	2006
3093	430	1572
3100	530	1070
3114	488	1070
3118	306	2123
3124	350	2062
3135	1181	2333
3160	356	1726
3191	405	1978
3195	683	1992
3212	43	1625
3213	607	2006
3217	975	2451
3256	594	583
3261	297	1189
3270	750	2028
3277	587	1647
3302	272	774
3351	642	2491
3364	577	2089
3366	247	2055
3375	595	1759
3393	444	949
3420	372	700
3428	315	860
3432	746	625
3441	180	931
3446	269	1913
3472	601	2410
3480	53	1290
3489	434	1420
3509	346	2128
3510	303	2244
3522	459	1337
3524	867	2171
3528	67	1857
3539	188	1019
3540	1405	2409
3558	538	2217
3568	384	1178
3569	350	2242
3571	630	555
3587	348	933
3600	536	892
3614	461	1651
3625	889	2357
3635	596	2094
3646	474	1697
3661	848	809
3676	532	2036
3683	319	1093
3689	861	2130
3709	869	2002
3732	394	1754
3756	167	1650
3760	284	1042
3762	216	1417
3767	368	2209
3774	575	2153
3781	669	2119
3783	37	1293
3789	518	2549
3797	820	1908
3798	51	1596
3806	547	2335
3811	327	1464
3818	343	957
3835	946	2049
3856	193	1949
3870	604	721
3875	258	829
3884	464	2484
3895	880	2139
3904	529	2148
3917	639	2200
3921	350	2280
3948	735	2024
3965	893	2266
3979	889	907
3986	506	1786
3987	231	2029
3994	710	2326
4002	475	1179
4004	1201	2326
4020	657	2290
4029	996	2134
4032	340	1443
4036	384	692
4043	803	1909
4076	457	1690
4081	422	580
4082	770	1913
4093	786	2398
4105	277	2189
4127	294	1492
4133	104	1229
4150	459	1729
4152	809	1891
4221	409	1382
4223	353	555
4228	677	1249
4236	400	2399
4260	339	1122
4265	402	1155
4281	856	821
4307	360	1333
4321	425	1922
4326	98	1174
4332	523	2350
4359	203	718
4372	1193	2269
4379	278	1998
4391	619	721
4393	442	930
4402	793	2214
4444	778	2234
4448	428	1207
4469	1013	2415
4490	614	360
4497	561	993
4515	209	961
4517	1094	918
4522	265	1101
4523	335	1784
4524	776	2272
4530	245	2200
4547	1312	2310
4555	30	1522
4567	313	2151
4568	423	2299
4577	961	2349
4593	349	1787
4605	529	2339
4606	250	1944
4612	260	800
4616	1557	951
4660	531	2471
4664	716	1979
4670	447	2034
4678	322	1624
4689	458	2194
4692	560	2354
4698	1470	958
4727	280	1744
4734	863	2349
4748	13	1636
4753	33	1616
4776	646	2004
4788	304	1936
4790	372	986
4807	320	2046
4818	1339	2387
4853	713	2018
4867	1029	501
4872	568	963
4878	502	931
4886	1456	953
4894	445	1155
4911	701	440
4924	561	2385
4925	542	1767
4936	561	1665
4979	616	573
4987	649	1832
4999	465	2035
5005	484	953
5017	540	1671
5037	325	2151
5043	692	2201
5046	411	1913
5061	206	2190
5066	265	1586
5070	611	754
5072	356	1366
5073	477	1731
5101	511	2200
5106	123	1620
5112	717	2034
5115	343	1465
5117	320	1364
5129	623	1888
5140	472	2299
5144	732	1800
5145	346	1397
5171	800	2166
5172	724	1930
5181	537	738
5207	943	1945
5209	702	1865
5212	450	1484
5225	503	1124
5247	440	2176
5249	1210	2224
5269	354	1102
5275	184	1986
5278	697	2060
5290	335	1574
5292	671	2225
5295	218	2142
5297	1087	472
5300	116	1405
5304	674	2304
5305	1106	2410
5306	559	2115
5308	116	2005
5315	777	2144
5343	350	2302
5346	1335	578
5354	140	1588
5362	556	2169
5364	286	1669
5366	578	381
5371	677	2560
5375	845	1921
5385	105	1595
5403	594	1810
5413	255	2072
5418	401	1401
5425	1039	902
5434	406	2117
5438	333	2274
5440	692	2109
5445	891	2011
5453	629	2081
5456	655	426
5460	501	2019
5470	657	800
5476	20	1414
5478	204	1436
5496	297	1092
5508	379	2289
5509	611	1664
5519	794	429
5522	100	1612
5536	274	2274
5537	110	1145
5538	1220	882
5540	881	588
5543	515	2327
5545	471	1040
5564	1216	908
5575	484	828
5587	1038	913
5593	195	1307
5605	1478	842
5607	631	2404
5611	326	1447
5624	1116	2230
5630	438	2022
5632	76	1614
5658	643	1862
5675	843	847
5687	21	1395
5707	668	2416
5708	429	2375
5724	492	2299
5737	965	531
5757	383	1522
5761	903	323
5773	972	515
5776	576	1744
5778	683	2057
5779	377	1425
5782	575	402
5783	514	1724
5789	505	1037
5792	657	397
5812	1713	2937
5819	641	1845
5829	707	2295
5832	636	2220
5837	1015	492
5859	19	1249
5868	894	2047
5871	647	2295
5880	89	1751
5886	371	1918
5888	634	1674
5893	625	2121
5894	898	2295
5900	230	1009
5902	1005	447
5915	510	2290
5918	477	2326
5919	188	1963
5920	970	1935
5925	529	1714
5928	523	1604
5930	547	786
5936	273	1983
5942	245	909
5955	426	1461
5959	470	681
5961	68	1580
5970	542	2394
5997	723	1878
5999	531	1143
6004	391	1304
6016	152	2106
6018	495	1540
6034	694	2284
6042	48	1351
6058	878	2340
6073	355	1219
6075	946	2242
6083	1055	2514
6099	255	1887
6108	75	1799
6112	688	1748
6114	583	948
6147	1314	2378
6151	429	1907
6155	1039	2211
6157	986	459
6158	122	1360
6161	415	2466
6183	527	1101
6216	1445	2412
6218	292	2192
6224	661	1850
6229	64	1601
6248	36	1280
6259	903	2553
6260	428	1613
6263	288	1931
6275	743	2292
6278	240	1708
6285	1717	1004
6305	266	2179
6309	803	2060
6316	349	731
6330	751	2371
6334	560	2246
6356	553	2537
6357	455	2249
6364	823	2068
6377	267	1530
6396	915	2354
6398	89	1293
6403	241	2186
6406	1583	929
6409	477	1789
6413	823	2655
6422	61	1868
6433	444	1215
6435	1200	2210
6437	330	1206
6467	15	1688
6481	1149	2202
6485	1436	2429
6489	937	2255
6494	343	1356
6508	584	2101
6524	454	2435
6529	258	1245
6535	243	1905
6538	786	925
6546	338	723
6548	640	573
6550	1537	2369
6552	413	1453
6553	461	1549
6554	378	1986
6567	978	2067
6580	1886	2208
6582	198	1370
6590	618	804
6592	1433	2288
6602	1017	548
6608	41	1325
6620	976	2177
6629	291	1952
6653	440	2063
6658	334	2021
6659	503	949
6671	871	1912
6679	418	2276
6685	148	2057
6694	367	2349
6701	226	2014
6713	140	1954
6714	635	749
6721	552	2153
6736	706	1937
6740	103	1189
6751	323	2076
6757	259	2034
6760	562	1864
6763	570	2316
6769	146	1698
6776	112	1563
6783	456	1200
6786	677	419
6792	297	1667
6794	200	1660
6809	759	2470
6817	730	2306
6819	960	577
6823	655	2539
6835	446	2490
6838	1048	2153
6839	835	2123
6853	310	2168
6858	1006	2295
6870	605	2237
6874	979	478
6884	247	1557
6885	527	987
6886	1034	2153
6902	324	2180
6919	757	915
6935	715	256
6938	207	2077
6958	254	1861
6969	413	2252
6972	213	2175
6988	1682	966
6989	639	872
6996	352	2086
7029	261	2284
7040	236	2103
7044	1025	410
7070	375	1231
7090	447	1419
7106	792	799
7110	324	2230
7115	297	1683
7148	483	916
7166	750	862
7175	962	2072
7196	1188	2255
7201	301	2265
7203	26	1359
7215	436	1176
7217	519	1039
7221	1023	2216
7229	391	2131
7234	930	893
7235	551	2522
7236	30	1244
7238	694	414
7244	740	1776
7254	585	2395
7257	507	1764
7268	844	2691
7270	1027	2138
7283	921	2049
7286	1373	2242
7294	315	841
7301	550	2484
7305	225	911
7324	1082	2460
7326	976	939
7334	31	1509
7335	1028	2199
7357	119	1493
7368	170	946
7375	336	1383
7377	509	1678
7383	324	1552
7384	1247	2394
7389	901	1881
7399	721	2008
7401	1020	535
7408	800	2783
7410	643	2441
7411	1031	2115
7423	1305	2322
7443	750	932
7448	527	2192
7450	37	1373
7458	193	944
7462	727	1989
7468	803	1055
7477	970	1958
7486	265	2149
7494	974	579
7500	590	2313
7503	925	2347
7515	1024	2267
7518	379	1408
7528	194	2066
7542	234	996
7550	285	639
7560	354	704
7562	332	2115
7570	763	2040
7571	334	1072
7574	348	947
7576	610	2448
7581	567	2415
7582	440	2050
7613	1053	901
